0.000000 3.000000 4.581858 0.242338 0.020829 0.000000 0.244231 0.000000 0.612050 4.318164
0.010000 3.000000 4.581858 0.245399 0.017769 0.000000 0.247382 0.000000 0.000000 4.318164
0.020000 3.000000 4.581858 0.248463 0.014705 0.000000 0.250408 0.000000 0.000000 4.318164
0.030000 3.000000 4.581858 0.251525 0.011643 0.000000 0.253313 0.000000 0.000000 4.318164
0.040000 3.000000 4.581858 0.254583 0.008585 0.000000 0.256100 0.000000 0.000000 4.318164
0.050000 3.000000 4.581858 0.257635 0.005533 0.000000 0.258770 0.000000 0.000000 4.318164
0.060000 3.000000 4.581858 0.260676 0.002491 0.000000 0.261327 0.000000 0.000000 4.318164
0.070000 3.000000 4.581858 0.263692 -0.000525 0.000000 0.263772 0.000000 0.000000 4.318164
0.080000 3.000000 4.581858 0.266658 -0.003490 0.000000 0.266109 0.000000 0.000000 4.318164
0.090000 3.000000 4.581858 0.269558 -0.006391 0.000000 0.268340 0.000000 0.000000 4.318164
0.100000 3.000000 4.581858 0.272385 -0.009217 0.000000 0.270467 0.000000 0.000000 4.318164
0.110000 3.000000 4.581858 0.275138 -0.011970 0.000000 0.272493 0.000000 0.000000 4.318164
0.120000 4.580478 4.581858 0.277831 -0.014663 0.000000 0.274419 0.000000 0.000000 4.318164
0.130000 4.580478 4.579209 0.280484 -0.019965 0.000000 0.276249 0.000000 0.000000 4.318164
0.140000 4.580478 4.580548 0.283121 -0.021264 0.000000 0.277983 0.000000 0.000000 4.318164
0.150000 4.585368 4.585992 0.285760 -0.018459 0.000000 0.279626 0.000000 0.000000 4.318164
0.160000 4.605170 4.595659 0.288408 -0.011439 0.000000 0.281177 0.000000 0.000000 4.318164
0.170000 4.605170 4.609667 0.291059 -0.000083 0.000201 0.282641 0.631100 0.000000 4.318164
0.180000 4.610183 4.628133 0.293701 0.015742 0.008607 0.284018 0.631100 0.000000 4.318164
0.190000 4.661741 4.651175 0.296304 0.036181 0.034696 0.285311 0.631100 0.000000 4.318164
0.200000 4.688552 4.680921 0.298830 0.063401 0.071781 0.286521 0.631100 0.000000 4.318164
0.210000 4.704990 4.718027 0.301260 0.098077 0.115018 0.287651 0.631100 0.000000 4.318164
0.220000 4.716102 4.760403 0.303600 0.138112 0.160959 0.288703 0.631100 0.000000 4.318164
0.230000 4.803621 4.805956 0.305859 0.181407 0.207202 0.289678 0.631100 0.000000 4.318164
0.240000 4.873050 4.852597 0.308046 0.225861 0.252128 0.290578 0.631100 0.000000 4.318164
0.250000 4.906275 4.898235 0.310170 0.269374 0.294696 0.291405 0.631100 0.000000 4.318164
0.260000 4.940643 4.940778 0.312241 0.309847 0.334283 0.292161 0.631100 0.000000 4.318164
0.270000 4.976234 4.980082 0.314268 0.347124 0.370573 0.292847 0.631100 0.000000 4.318164
0.280000 5.005648 5.017071 0.316257 0.382123 0.403459 0.293466 0.631100 0.000000 4.318164
0.290000 5.051457 5.051256 0.318202 0.414363 0.432983 0.294018 0.631100 0.000000 4.318164
0.300000 5.083206 5.082148 0.320099 0.443358 0.459283 0.294505 0.631100 0.000000 4.318164
0.310000 5.107697 5.109258 0.321939 0.468629 0.482558 0.294930 0.631100 0.000000 4.318164
0.320000 5.132803 5.132098 0.323712 0.489695 0.503041 0.295293 0.631100 0.000000 4.318164
0.330000 5.149897 5.150178 0.325409 0.506078 0.520979 0.295596 0.631100 0.000000 4.318164
0.340000 5.167289 5.161877 0.327016 0.516170 0.536622 0.295841 0.631100 0.000000 4.318164
0.350000 5.167289 5.166195 0.328520 0.518984 0.550212 0.296029 0.631100 0.000000 4.318164
0.360000 5.167289 5.163579 0.329915 0.514975 0.561979 0.296162 0.631100 0.000000 4.318164
0.370000 5.167289 5.154477 0.331195 0.504592 0.562289 0.296240 0.000000 0.000000 4.318164
0.380000 5.158556 5.139333 0.332358 0.488285 0.544052 0.296266 0.000000 0.000000 4.318164
0.390000 5.091303 5.118595 0.333403 0.466502 0.513951 0.296241 0.000000 0.000000 4.318164
0.400000 5.091303 5.092709 0.334334 0.439685 0.476885 0.296165 0.000000 0.000000 4.318164
0.410000 5.059300 5.064835 0.335154 0.410990 0.436370 0.296041 0.000000 0.000000 4.318164
0.420000 3.000000 5.038014 0.335865 0.383460 0.399216 0.295870 0.249125 0.000000 4.318164
0.430000 3.000000 5.012519 0.336468 0.357361 0.354153 0.295652 0.249125 0.000000 4.318164
0.440000 3.000000 4.988620 0.336970 0.332959 0.320495 0.295390 0.249125 0.000000 4.318164
0.450000 3.000000 4.966586 0.337390 0.310506 0.295589 0.295084 0.249125 0.000000 4.318164
0.460000 3.000000 4.946690 0.337746 0.290254 0.277366 0.294735 0.249125 0.000000 4.318164
0.470000 3.000000 4.929201 0.338072 0.272438 0.264224 0.294346 0.249125 0.000000 4.318164
0.480000 3.000000 4.913764 0.338409 0.256665 0.254918 0.293916 0.249125 0.000000 4.318164
0.490000 3.000000 4.899851 0.338762 0.242399 0.248490 0.293447 0.249125 0.000000 4.318164
0.500000 3.000000 4.887472 0.339095 0.229687 0.244202 0.292940 0.249125 0.000000 4.318164
0.510000 3.000000 4.876638 0.339366 0.218582 0.241489 0.292396 0.249125 0.000000 4.318164
0.520000 3.000000 4.867362 0.339530 0.209141 0.239922 0.291816 0.249125 0.000000 4.318164
0.530000 3.000000 4.859652 0.339535 0.201426 0.239173 0.291201 0.249125 0.000000 4.318164
0.540000 3.000000 4.853519 0.339324 0.195504 0.238999 0.290553 0.249125 0.000000 4.318164
0.550000 4.847242 4.849391 0.338838 0.191862 0.239214 0.289872 0.249125 0.000000 4.318164
0.560000 4.847242 4.847301 0.338041 0.190569 0.239685 0.289159 0.249125 0.000000 4.318164
0.570000 4.847242 4.846678 0.336939 0.191049 0.240310 0.288415 0.249125 0.000000 4.318164
0.580000 4.847242 4.846951 0.335535 0.192726 0.241019 0.287641 0.249125 0.000000 4.318164
0.590000 4.847242 4.847550 0.333837 0.195022 0.241760 0.286838 0.249125 0.000000 4.318164
0.600000 4.847242 4.847901 0.331856 0.197354 0.242500 0.286007 0.249125 0.000000 4.318164
0.610000 4.847242 4.847434 0.329772 0.198972 0.243213 0.285149 0.249125 0.000000 4.318164
0.620000 4.847242 4.845958 0.327585 0.199682 0.243885 0.284264 0.249125 0.000000 4.318164
0.630000 4.840892 4.843757 0.325296 0.199770 0.241976 0.283354 0.249125 0.000000 4.318164
0.640000 4.840892 4.840967 0.322908 0.199369 0.239217 0.282419 0.249125 0.000000 4.318164
0.650000 4.834583 4.837726 0.320422 0.198613 0.236875 0.281459 0.249125 0.000000 4.318164
0.660000 4.834583 4.834170 0.317841 0.197639 0.234889 0.280477 0.249125 0.000000 4.318164
0.670000 4.828314 4.830438 0.315165 0.196583 0.233207 0.279472 0.249125 0.000000 4.318164
0.680000 4.828314 4.826665 0.312396 0.195579 0.231784 0.278446 0.000000 0.000000 4.318164
0.690000 4.828314 4.818989 0.309538 0.190761 0.232715 0.277399 0.145800 0.000000 4.318164
0.700000 4.815891 4.805186 0.306593 0.179903 0.220232 0.276331 0.145800 0.000000 4.318164
0.710000 4.797542 4.787851 0.303562 0.165599 0.206944 0.275244 0.145800 0.000000 4.318164
0.720000 4.785494 4.769581 0.300447 0.150443 0.196029 0.274139 0.145800 0.000000 4.318164
0.730000 4.755993 4.752974 0.297253 0.137030 0.187061 0.273015 0.145800 0.000000 4.318164
0.740000 4.710531 4.740623 0.293981 0.127951 0.179694 0.271873 0.145800 0.000000 4.318164
0.750000 3.000000 4.735126 0.290634 0.125802 0.173642 0.270715 0.145800 0.000000 4.318164
0.760000 3.000000 4.737573 0.287225 0.131657 0.168671 0.269541 0.145800 0.000000 4.318164
0.770000 3.000000 4.745232 0.283740 0.142801 0.164587 0.268351 0.145800 0.000000 4.318164
0.780000 4.767689 4.754971 0.280172 0.156108 0.161232 0.267146 0.145800 0.000000 4.318164
0.790000 4.767689 4.763659 0.276508 0.168460 0.158476 0.265927 0.145800 0.000000 4.318164
0.800000 4.767689 4.768163 0.272739 0.176733 0.156212 0.264694 0.145800 0.000000 4.318164
0.810000 4.767689 4.765351 0.268853 0.177807 0.154352 0.263448 0.145800 0.000000 4.318164
0.820000 4.738701 4.752093 0.264844 0.168559 0.152825 0.262189 0.145800 0.000000 4.318164
0.830000 3.000000 4.734211 0.260692 0.154829 0.151570 0.260918 0.145800 0.000000 4.318164
0.840000 4.688552 4.719632 0.256381 0.144561 0.150539 0.259635 0.145800 0.000000 4.318164
0.850000 4.704990 4.708377 0.251901 0.137786 0.149693 0.258342 0.145800 0.000000 4.318164
0.860000 4.694001 4.700469 0.247251 0.134528 0.148688 0.257038 0.145800 0.000000 4.318164
0.870000 4.694001 4.695929 0.242435 0.134803 0.148168 0.255724 0.145800 0.000000 4.318164
0.880000 4.704990 4.694779 0.237469 0.138620 0.147742 0.254400 0.145800 0.000000 4.318164
0.890000 4.704990 4.697041 0.232370 0.145980 0.147393 0.253067 0.145800 0.000000 4.318164
0.900000 4.704990 4.700708 0.227160 0.154858 0.145478 0.251726 0.145800 0.000000 4.318164
0.910000 4.704990 4.703455 0.221854 0.162911 0.143316 0.250376 0.145800 0.000000 4.318164
0.920000 4.704990 4.704824 0.216470 0.169664 0.141469 0.249019 0.145800 0.000000 4.318164
0.930000 4.704990 4.704358 0.211026 0.174641 0.139895 0.247654 0.145800 0.000000 4.318164
0.940000 4.704990 4.701597 0.205544 0.177362 0.138554 0.246283 0.145800 0.000000 4.318164
0.950000 3.000000 4.696087 0.200044 0.177352 0.137415 0.244905 0.145800 0.000000 4.318164
0.960000 3.000000 4.687367 0.194548 0.174129 0.136447 0.243521 0.145800 0.000000 4.318164
0.970000 3.000000 4.675988 0.189083 0.168215 0.135627 0.242131 0.145800 0.000000 4.318164
0.980000 3.000000 4.663255 0.183677 0.160887 0.134932 0.240736 0.145800 0.000000 4.318164
0.990000 3.000000 4.649851 0.178359 0.152802 0.134345 0.239336 0.145800 0.000000 4.318164
1.000000 3.000000 4.636460 0.173151 0.144619 0.133848 0.237932 0.145800 0.000000 4.318164
1.010000 3.000000 4.623764 0.168077 0.136997 0.133429 0.236523 0.145800 0.000000 4.318164
1.020000 3.000000 4.612445 0.163155 0.130600 0.133075 0.235111 0.145800 0.000000 4.318164
1.030000 3.000000 4.603187 0.158401 0.126095 0.132777 0.233695 0.145800 0.000000 4.318164
1.040000 3.000000 4.594856 0.153823 0.122342 0.132526 0.232276 0.145800 0.000000 4.318164
1.050000 3.000000 4.587205 0.149417 0.119098 0.132315 0.230854 0.145800 0.000000 4.318164
1.060000 3.000000 4.582249 0.145174 0.118385 0.132138 0.229429 0.145800 0.000000 4.318164
1.070000 3.000000 4.582000 0.141089 0.122220 0.131989 0.228003 0.145800 0.000000 4.318164
1.080000 3.000000 4.588470 0.137155 0.132625 0.131863 0.226574 0.145800 0.000000 4.318164
1.090000 3.000000 4.603672 0.133365 0.151617 0.131758 0.225144 0.000000 0.000000 4.318164
1.100000 4.570769 4.629620 0.129710 0.181219 0.131670 0.223713 0.000000 0.000000 4.318164
1.110000 4.699237 4.656276 0.126182 0.211403 0.131596 0.222280 0.000000 0.000000 4.318164
1.120000 4.721704 4.671628 0.122777 0.230161 0.125704 0.220847 0.000000 0.000000 4.318164
1.130000 4.721704 4.674724 0.119490 0.236543 0.115406 0.219413 0.000000 0.000000 4.318164
1.140000 4.721704 4.664612 0.116317 0.229605 0.104711 0.217979 0.000000 0.000000 4.318164
1.150000 4.645992 4.640342 0.113237 0.208414 0.094102 0.216545 0.000000 0.000000 4.318164
1.160000 4.580478 4.600960 0.110240 0.172030 0.083898 0.215111 0.000000 0.000000 4.318164
1.170000 4.496316 4.545516 0.107315 0.119511 0.074174 0.213678 0.000000 0.000000 4.318164
1.180000 4.439656 4.483015 0.104449 0.059875 0.065321 0.212245 0.000000 0.000000 4.318164
1.190000 4.427024 4.423526 0.101635 0.003200 0.057240 0.210813 0.000000 0.000000 4.318164
1.200000 4.358310 4.367698 0.098876 -0.049869 0.049942 0.209383 0.000000 0.000000 4.318164
1.210000 4.354412 4.316177 0.096175 -0.098689 0.043410 0.207954 0.000000 0.000000 4.318164
1.220000 4.240527 4.269612 0.093541 -0.142620 0.037604 0.206526 0.000000 0.000000 4.318164
1.230000 3.000000 4.275268 0.090981 -0.134404 0.032477 0.205100 0.000000 0.000000 4.318164
1.240000 3.000000 4.280924 0.088507 -0.126274 0.027973 0.203677 0.000000 0.000000 4.318164
1.250000 3.000000 4.286580 0.086129 -0.118240 0.024035 0.202255 0.000000 0.000000 4.318164
1.260000 3.000000 4.292236 0.083851 -0.110305 0.020605 0.200836 0.000000 0.000000 4.318164
1.270000 3.000000 4.297892 0.081668 -0.102467 0.017629 0.199419 0.000000 0.000000 4.318164
1.280000 3.000000 4.303548 0.079579 -0.094721 0.015055 0.198005 0.000000 0.000000 4.318164
1.290000 3.000000 4.309204 0.077579 -0.087066 0.012835 0.196594 0.000000 0.000000 4.318164
1.300000 3.000000 4.314860 0.075671 -0.079501 0.010925 0.195186 0.000000 0.000000 4.318164
1.310000 3.000000 4.320517 0.073853 -0.072027 0.009286 0.193781 0.000000 0.000000 4.318164
1.320000 3.000000 4.326172 0.072140 -0.064658 0.007882 0.192380 0.000000 0.000000 4.318164
1.330000 3.000000 4.331829 0.070562 -0.057424 0.006682 0.190982 0.000000 0.000000 4.318164
1.340000 3.000000 4.337485 0.069141 -0.050347 0.005658 0.189588 0.000000 0.000000 4.318164
1.350000 3.000000 4.343141 0.067890 -0.043440 0.004785 0.188197 0.000000 0.000000 4.318164
1.360000 3.000000 4.348797 0.066812 -0.036705 0.004043 0.186811 0.000000 0.000000 4.318164
1.370000 3.000000 4.354453 0.065897 -0.030135 0.003413 0.185429 0.000000 0.000000 4.318164
1.380000 3.000000 4.360109 0.065129 -0.023710 0.002879 0.184050 0.000000 0.000000 4.318164
1.390000 3.000000 4.365765 0.064487 -0.017412 0.002426 0.182677 0.000000 0.305500 4.318164
1.400000 3.000000 4.371421 0.063958 -0.011228 0.002042 0.186527 0.000000 0.000000 4.318164
1.410000 3.000000 4.377077 0.063541 -0.005154 0.001718 0.190246 0.000000 0.000000 4.318164
1.420000 3.000000 4.382733 0.063242 0.000800 0.001445 0.193836 0.000000 0.000000 4.318164
1.430000 3.000000 4.388389 0.063080 0.006619 0.001214 0.197299 0.000000 0.000000 4.318164
1.440000 3.000000 4.394045 0.063080 0.012275 0.001019 0.200639 0.000000 0.000000 4.318164
1.450000 3.000000 4.399701 0.063278 0.017733 0.000855 0.203858 0.000000 0.000000 4.318164
1.460000 3.000000 4.405357 0.063684 0.022982 0.000717 0.206958 0.000000 0.000000 4.318164
1.470000 3.000000 4.411014 0.064283 0.028040 0.000601 0.209942 0.000000 0.000000 4.318164
1.480000 3.000000 4.416669 0.065055 0.032924 0.000503 0.212813 0.000000 0.000000 4.318164
1.490000 3.000000 4.422326 0.065984 0.037651 0.000421 0.215573 0.000000 0.000000 4.318164
1.500000 3.000000 4.427982 0.067047 0.042244 0.000353 0.218225 0.000000 0.000000 4.318164
1.510000 3.000000 4.433638 0.068228 0.046719 0.000295 0.220770 0.000000 0.000000 4.318164
1.520000 3.000000 4.439294 0.069509 0.051095 0.000247 0.223212 0.000000 0.000000 4.318164
1.530000 3.000000 4.444950 0.070876 0.055384 0.000206 0.225552 0.000000 0.000000 4.318164
1.540000 3.000000 4.450606 0.072316 0.059599 0.000172 0.227793 0.000000 0.000000 4.318164
1.550000 3.000000 4.456262 0.073814 0.063757 0.000144 0.229936 0.000000 0.000000 4.318164
1.560000 3.000000 4.461918 0.075354 0.067874 0.000120 0.231985 0.000000 0.000000 4.318164
1.570000 3.000000 4.467574 0.076923 0.071960 0.000100 0.233941 0.000000 0.000000 4.318164
1.580000 3.000000 4.473230 0.078516 0.076024 0.000000 0.235806 0.000000 0.000000 4.318164
1.590000 3.000000 4.478886 0.080129 0.080067 0.000000 0.237582 0.000000 0.000000 4.318164
1.600000 3.000000 4.484542 0.081756 0.084096 0.000000 0.239271 0.000000 0.000000 4.318164
1.610000 3.000000 4.490199 0.083405 0.088103 0.000000 0.240876 0.000000 0.000000 4.318164
1.620000 3.000000 4.495854 0.085093 0.092071 0.000000 0.242398 0.000000 0.000000 4.318164
1.630000 3.000000 4.501511 0.086829 0.095991 0.000000 0.243839 0.000000 0.000000 4.318164
1.640000 3.000000 4.507166 0.088617 0.099859 0.000000 0.245201 0.000000 0.000000 4.318164
1.650000 3.000000 4.512823 0.090452 0.103680 0.000000 0.246485 0.000000 0.000000 4.318164
1.660000 3.000000 4.518479 0.092325 0.107464 0.000000 0.247695 0.000000 0.000000 4.318164
1.670000 3.000000 4.524135 0.094222 0.111222 0.000000 0.248830 0.000000 0.000000 4.318164
1.680000 3.000000 4.529791 0.096143 0.114957 0.000000 0.249893 0.000000 0.000000 4.318164
1.690000 3.000000 4.535447 0.098086 0.118671 0.000000 0.250886 0.000000 0.000000 4.318164
1.700000 3.000000 4.541103 0.100031 0.122381 0.000000 0.251811 0.000000 0.000000 4.318164
1.710000 3.000000 4.546759 0.101950 0.126119 0.000000 0.252668 0.000000 0.000000 4.318164
1.720000 3.000000 4.552415 0.103795 0.129930 0.000000 0.253460 0.000000 0.000000 4.318164
1.730000 3.000000 4.558071 0.105505 0.133875 0.000000 0.254188 0.000000 0.000000 4.318164
1.740000 3.000000 4.563727 0.107047 0.137990 0.000000 0.254854 0.000000 0.000000 4.318164
1.750000 3.000000 4.569383 0.108449 0.142244 0.000000 0.255459 0.000000 0.000000 4.318164
1.760000 4.575612 4.575039 0.109771 0.146578 0.000000 0.256004 0.000000 0.000000 4.318164
1.770000 4.575612 4.576232 0.111079 0.146462 0.000000 0.256492 0.000000 0.000000 4.318164
1.780000 4.575612 4.575686 0.112440 0.144556 0.000000 0.256923 0.000000 0.000000 4.318164
1.790000 4.575612 4.573431 0.113923 0.140817 0.000000 0.257299 0.000000 0.000000 4.318164
1.800000 4.565949 4.569500 0.115609 0.135201 0.000000 0.257621 0.000000 0.000000 4.318164
1.810000 4.565949 4.565670 0.117540 0.129439 0.000000 0.257891 0.000000 0.000000 4.318164
1.820000 4.556380 4.563687 0.119725 0.125272 0.000000 0.258110 0.000000 0.000000 4.318164
1.830000 3.000000 4.563543 0.122169 0.122683 0.000000 0.258279 0.000000 0.000000 4.318164
1.840000 3.000000 4.565226 0.124863 0.121672 0.000000 0.258399 0.000000 0.000000 4.318164
1.850000 3.000000 4.568724 0.127791 0.122242 0.000000 0.258473 0.000000 0.000000 4.318164
1.860000 3.000000 4.574028 0.130768 0.124569 0.000000 0.258500 0.000000 0.000000 4.318164
1.870000 3.000000 4.581127 0.133788 0.128649 0.000000 0.258482 0.000000 0.000000 4.318164
1.880000 4.580478 4.587870 0.136831 0.132348 0.000000 0.258421 0.000000 0.000000 4.318164
1.890000 4.605170 4.592471 0.139880 0.133900 0.007417 0.258317 0.331250 0.000000 4.318164
1.900000 4.605170 4.595467 0.142921 0.133855 0.000001 0.258171 0.331250 0.000000 4.318164
1.910000 4.595220 4.597392 0.145944 0.132758 0.005913 0.257986 0.331250 0.000000 4.318164
1.920000 4.605170 4.598783 0.148941 0.131152 0.020567 0.257760 0.331250 0.000000 4.318164
1.930000 4.595220 4.600176 0.151905 0.129580 0.040598 0.257497 0.331250 0.000000 4.318164
1.940000 4.595220 4.602106 0.154831 0.128585 0.063576 0.257197 0.331250 0.000000 4.318164
1.950000 3.000000 4.606267 0.157722 0.129854 0.087773 0.256860 0.331250 0.000000 4.318164
1.960000 3.000000 4.613705 0.160578 0.134437 0.111994 0.256489 0.331250 0.000000 4.318164
1.970000 3.000000 4.623979 0.163391 0.141897 0.135434 0.256083 0.331250 0.000000 4.318164
1.980000 3.000000 4.636651 0.166161 0.151800 0.157580 0.255644 0.331250 0.000000 4.318164
1.990000 3.000000 4.651282 0.168884 0.163708 0.178132 0.255172 0.331250 0.000000 4.318164
2.000000 3.000000 4.667435 0.171555 0.177189 0.196940 0.254670 0.331250 0.000000 4.318164
2.010000 3.000000 4.684669 0.174171 0.191808 0.213960 0.254136 0.331250 0.000000 4.318164
2.020000 3.000000 4.702554 0.176725 0.207138 0.229223 0.253574 0.331250 0.000000 4.318164
2.030000 3.000000 4.720766 0.179215 0.222860 0.242807 0.252982 0.331250 0.000000 4.318164
2.040000 3.000000 4.739025 0.181636 0.238698 0.254818 0.252363 0.331250 0.000000 4.318164
2.050000 3.000000 4.757052 0.183988 0.254374 0.265381 0.251717 0.331250 0.000000 4.318164
2.060000 3.000000 4.774568 0.186266 0.269611 0.274626 0.251044 0.331250 0.000000 4.318164
2.070000 3.000000 4.791292 0.188468 0.284133 0.282684 0.250346 0.331250 0.000000 4.318164
2.080000 3.000000 4.806946 0.190594 0.297661 0.289681 0.249623 0.331250 0.000000 4.318164
2.090000 3.000000 4.820973 0.192643 0.309640 0.295737 0.248877 0.331250 0.000000 4.318164
2.100000 3.000000 4.832985 0.194613 0.319682 0.298125 0.248107 0.331250 0.000000 4.318164
2.110000 4.847242 4.842959 0.196501 0.327768 0.298125 0.247315 0.331250 0.000000 4.318164
2.120000 4.847242 4.850869 0.198309 0.333870 0.298125 0.246501 0.331250 0.000000 4.318164
2.130000 4.860063 4.856690 0.200036 0.337964 0.298125 0.245666 0.331250 0.000000 4.318164
2.140000 4.860063 4.860397 0.201682 0.340025 0.298125 0.244811 0.331250 0.000000 4.318164
2.150000 4.860063 4.861964 0.203249 0.340025 0.298125 0.243937 0.000000 0.000000 4.318164
2.160000 4.860063 4.859080 0.204738 0.335651 0.298125 0.243043 0.000000 0.000000 4.318164
2.170000 4.860063 4.850002 0.206151 0.325161 0.296130 0.242131 0.000000 0.000000 4.318164
2.180000 4.847242 4.835563 0.207484 0.309388 0.276585 0.241201 0.000000 0.000000 4.318164
2.190000 4.822083 4.816593 0.208735 0.289167 0.254395 0.240255 0.000000 0.000000 4.318164
2.200000 4.791500 4.793924 0.209902 0.265332 0.231162 0.239292 0.000000 0.000000 4.318164
2.210000 4.767689 4.768387 0.210985 0.238712 0.207993 0.238313 0.000000 0.000000 4.318164
2.220000 4.738701 4.740815 0.211982 0.210143 0.185628 0.237318 0.000000 0.000000 4.318164
2.230000 4.699481 4.715872 0.212894 0.184287 0.164536 0.236309 0.000000 0.000000 4.318164
2.240000 3.000000 4.696740 0.213721 0.164328 0.144992 0.235286 0.000000 0.000000 4.318164
2.250000 3.000000 4.682026 0.214463 0.148873 0.127127 0.234249 0.000000 0.000000 4.318164
2.260000 3.000000 4.670341 0.215124 0.136526 0.110974 0.233199 0.000000 0.000000 4.318164
2.270000 3.000000 4.660291 0.215706 0.125894 0.096500 0.232136 0.000000 0.000000 4.318164
2.280000 3.000000 4.650485 0.216211 0.115583 0.083627 0.231062 0.000000 0.000000 4.318164
2.290000 3.000000 4.639531 0.216645 0.104195 0.072250 0.229976 0.000000 0.000000 4.318164
2.300000 3.000000 4.629831 0.217012 0.094128 0.062250 0.228878 0.000000 0.000000 4.318164
2.310000 4.600183 4.623141 0.217319 0.087132 0.053502 0.227771 0.000000 0.000000 4.318164
2.320000 4.661741 4.617100 0.217577 0.080832 0.045879 0.226653 0.000000 0.000000 4.318164
2.330000 4.600183 4.609346 0.217798 0.072858 0.039262 0.225525 0.000000 0.000000 4.318164
2.340000 4.600183 4.597520 0.217990 0.060839 0.033536 0.224388 0.000000 0.000000 4.318164
2.350000 4.565949 4.579258 0.218163 0.042405 0.028596 0.223242 0.000000 0.000000 4.318164
2.360000 4.565949 4.552201 0.218324 0.015187 0.024345 0.222088 0.000000 0.000000 4.318164
2.370000 4.491841 4.523028 0.218481 -0.014143 0.020696 0.220926 0.000000 0.000000 4.318164
2.380000 4.474142 4.500267 0.218639 -0.037063 0.017570 0.219756 0.000000 0.000000 4.318164
2.390000 3.000000 4.484328 0.218803 -0.053166 0.014897 0.218579 0.000000 0.000000 4.318164
2.400000 3.000000 4.475622 0.218994 -0.062062 0.012689 0.217396 0.298300 0.000000 4.318164
2.410000 3.000000 4.474560 0.219214 -0.063344 0.014872 0.216206 0.298300 0.000000 4.318164
2.420000 4.487387 4.481554 0.219474 -0.056610 0.025649 0.215009 0.298300 0.000000 4.318164
2.430000 4.491841 4.497013 0.219776 -0.041453 0.041832 0.213808 0.298300 0.000000 4.318164
2.440000 3.000000 4.520578 0.220114 -0.018227 0.061107 0.212601 0.298300 0.000000 4.318164
2.450000 3.000000 4.550046 0.220484 0.010871 0.081821 0.211389 0.298300 0.000000 4.318164
2.460000 3.000000 4.583065 0.220878 0.043496 0.102819 0.210172 0.298300 0.000000 4.318164
2.470000 3.000000 4.617281 0.221283 0.077307 0.123318 0.208951 0.298300 0.000000 4.318164
2.480000 4.630488 4.650344 0.221679 0.109975 0.142809 0.207726 0.298300 0.000000 4.318164
2.490000 4.699481 4.679900 0.222040 0.139170 0.160983 0.206497 0.298300 0.000000 4.318164
2.500000 4.699481 4.703597 0.222335 0.162571 0.177677 0.205265 0.298300 0.000000 4.318164
2.510000 4.721704 4.721107 0.222528 0.179888 0.192831 0.204030 0.298300 0.000000 4.318164
2.520000 4.721704 4.734218 0.222598 0.192930 0.206455 0.202792 0.298300 0.000000 4.318164
2.530000 4.738701 4.743749 0.222521 0.202537 0.218605 0.201552 0.298300 0.000000 4.318164
2.540000 4.755993 4.750519 0.222288 0.209541 0.229368 0.200309 0.298300 0.000000 4.318164
2.550000 4.755993 4.755349 0.221893 0.214765 0.238848 0.199064 0.298300 0.000000 4.318164
2.560000 4.755993 4.759056 0.221336 0.219029 0.247156 0.197818 0.298300 0.000000 4.318164
2.570000 3.000000 4.762459 0.220629 0.223140 0.254405 0.196571 0.298300 0.000000 4.318164
2.580000 3.000000 4.765486 0.219786 0.227009 0.260707 0.195322 0.298300 0.000000 4.318164
2.590000 3.000000 4.767477 0.218816 0.229970 0.266167 0.194072 0.298300 0.000000 4.318164
2.600000 3.000000 4.768369 0.217714 0.231965 0.268855 0.192821 0.298300 0.000000 4.318164
2.610000 3.000000 4.768104 0.216482 0.232931 0.268791 0.191570 0.298300 0.000000 4.318164
2.620000 3.000000 4.766619 0.215117 0.232811 0.268738 0.190319 0.298300 0.000000 4.318164
2.630000 3.000000 4.763855 0.213622 0.231543 0.268694 0.189068 0.298300 0.000000 4.318164
2.640000 3.000000 4.759752 0.211996 0.229065 0.268470 0.187817 0.298300 0.000000 4.318164
2.650000 3.000000 4.754546 0.210241 0.225615 0.268470 0.186566 0.298300 0.000000 4.318164
2.660000 3.000000 4.748597 0.208348 0.221559 0.268470 0.185316 0.298300 0.000000 4.318164
2.670000 3.000000 4.742027 0.206306 0.217030 0.268470 0.184067 0.298300 0.000000 4.318164
2.680000 3.000000 4.734956 0.204115 0.212151 0.268470 0.182818 0.298300 0.000000 4.318164
2.690000 3.000000 4.727507 0.201778 0.207038 0.268470 0.181571 0.298300 0.000000 4.318164
2.700000 3.000000 4.719800 0.199315 0.201794 0.268470 0.180326 0.000000 0.000000 4.318164
2.710000 3.000000 4.711956 0.196753 0.196512 0.268470 0.179081 0.000000 0.000000 4.318164
2.720000 3.000000 4.703941 0.194113 0.191138 0.268470 0.177839 0.000000 0.000000 4.318164
2.730000 3.000000 4.695760 0.191402 0.185667 0.257610 0.176598 0.000000 0.000000 4.318164
2.740000 3.000000 4.687593 0.188634 0.180268 0.237332 0.175360 0.000000 0.000000 4.318164
2.750000 3.000000 4.679617 0.185812 0.175115 0.215942 0.174124 0.000000 0.000000 4.318164
2.760000 4.677741 4.672014 0.182947 0.170376 0.194507 0.172890 0.000000 0.000000 4.318164
2.770000 4.661741 4.664961 0.180045 0.166226 0.173748 0.171658 0.000000 0.000000 4.318164
2.780000 4.656464 4.658640 0.177115 0.162834 0.154124 0.170429 0.000000 0.000000 4.318164
2.790000 4.651214 4.652413 0.174173 0.159550 0.135905 0.169203 0.000000 0.000000 4.318164
2.800000 4.651214 4.645610 0.171238 0.155681 0.119227 0.167980 0.000000 0.000000 4.318164
2.810000 3.000000 4.638355 0.168330 0.151335 0.104130 0.166760 0.000000 0.000000 4.318164
2.820000 3.000000 4.630776 0.165457 0.146628 0.090588 0.165543 0.000000 0.000000 4.318164
2.830000 3.000000 4.622997 0.162635 0.141672 0.078535 0.164330 0.000000 0.000000 4.318164
2.840000 3.000000 4.615144 0.159868 0.136585 0.067874 0.163120 0.000000 0.000000 4.318164
2.850000 3.000000 4.607344 0.157160 0.131493 0.058498 0.161913 0.000000 0.000000 4.318164
2.860000 3.000000 4.599830 0.154500 0.126639 0.050291 0.160710 0.000000 0.000000 4.318164
2.870000 3.000000 4.592851 0.151865 0.122296 0.043137 0.159511 0.000000 0.000000 4.318164
2.880000 3.000000 4.586550 0.149236 0.118624 0.038382 0.158316 0.355100 0.000000 4.318164
2.890000 3.000000 4.581071 0.146603 0.115778 0.033614 0.157125 0.355100 0.000000 4.318164
2.900000 3.000000 4.576557 0.143959 0.113908 0.040981 0.155938 0.355100 0.000000 4.318164
2.910000 3.000000 4.573153 0.141303 0.113160 0.056241 0.154755 0.355100 0.000000 4.318164
2.920000 4.570769 4.571001 0.138638 0.113673 0.076290 0.153576 0.355100 0.000000 4.318164
2.930000 4.570769 4.571049 0.135960 0.116399 0.098890 0.152402 0.355100 0.000000 4.318164
2.940000 4.570769 4.573952 0.133257 0.122005 0.122459 0.151232 0.355100 0.000000 4.318164
2.950000 3.000000 4.579419 0.130528 0.130200 0.145901 0.150067 0.355100 0.000000 4.318164
2.960000 3.000000 4.587157 0.127778 0.140688 0.168489 0.148906 0.355100 0.000000 4.318164
2.970000 3.000000 4.596876 0.125023 0.153162 0.189762 0.147750 0.355100 0.000000 4.318164
2.980000 3.000000 4.608283 0.122283 0.167310 0.209455 0.146599 0.355100 0.000000 4.318164
2.990000 3.000000 4.621085 0.119586 0.182808 0.227440 0.145453 0.355100 0.000000 4.318164
3.000000 3.000000 4.634837 0.116939 0.199208 0.243692 0.144312 0.355100 0.000000 4.318164
3.010000 3.000000 4.649043 0.114315 0.216037 0.258246 0.143175 0.355100 0.000000 4.318164
3.020000 3.000000 4.663340 0.111691 0.232958 0.271184 0.142044 0.355100 0.000000 4.318164
3.030000 3.000000 4.677362 0.109042 0.249629 0.282614 0.140918 0.355100 0.000000 4.318164
3.040000 3.000000 4.690748 0.106341 0.265716 0.292658 0.139797 0.355100 0.000000 4.318164
3.050000 3.000000 4.703133 0.103565 0.280877 0.301442 0.138681 0.355100 0.000000 4.318164
3.060000 3.000000 4.714152 0.100685 0.294777 0.309094 0.137570 0.355100 0.000000 4.318164
3.070000 3.000000 4.724556 0.097679 0.308187 0.315734 0.136465 0.355100 0.000000 4.318164
3.080000 3.000000 4.734187 0.094530 0.320966 0.319411 0.135365 0.000000 0.000000 4.318164
3.090000 4.761824 4.741326 0.091235 0.331401 0.312358 0.134271 0.000000 0.000000 4.318164
3.100000 4.676424 4.744255 0.087793 0.337771 0.297367 0.133182 0.000000 0.000000 4.318164
3.110000 4.761824 4.741253 0.084218 0.338345 0.277547 0.132098 0.000000 0.000000 4.318164
3.120000 4.761824 4.730602 0.080525 0.331386 0.255141 0.131021 0.000000 0.000000 4.318164
3.130000 4.704990 4.710582 0.076740 0.315151 0.231739 0.129948 0.000000 0.000000 4.318164
3.140000 4.672379 4.681340 0.072891 0.289759 0.208437 0.128882 0.000000 0.000000 4.318164
3.150000 4.635629 4.645981 0.068995 0.258295 0.185969 0.127821 0.000000 0.000000 4.318164
3.160000 4.605170 4.607221 0.065069 0.223462 0.164797 0.126766 0.000000 0.000000 4.318164
3.170000 4.570769 4.567775 0.061124 0.187960 0.145190 0.125716 0.000000 0.000000 4.318164
3.180000 4.523590 4.530362 0.057169 0.154502 0.127276 0.124673 0.000000 0.000000 4.318164
3.190000 4.500810 4.497695 0.053212 0.125793 0.110910 0.123635 0.000000 0.000000 4.318164
3.200000 4.469766 4.472494 0.049254 0.104550 0.096437 0.122603 0.000000 0.000000 4.318164
3.210000 4.469766 4.453334 0.045300 0.089344 0.083566 0.121577 0.000000 0.000000 4.318164
3.220000 4.448166 4.436737 0.041354 0.076693 0.072193 0.120556 0.000000 0.000000 4.318164
3.230000 4.422849 4.422334 0.037422 0.066221 0.062197 0.119542 0.000000 0.000000 4.318164
3.240000 4.406319 4.409757 0.033511 0.057555 0.053453 0.118533 0.000000 0.000000 4.318164
3.250000 4.390059 4.398636 0.029624 0.050322 0.045835 0.117531 0.000000 0.000000 4.318164
3.260000 4.390059 4.388604 0.025769 0.044145 0.039223 0.116534 0.000000 0.000000 4.318164
3.270000 4.386034 4.379292 0.021950 0.038651 0.033502 0.115544 0.000000 0.000000 4.318164
3.280000 4.366153 4.367628 0.018173 0.030765 0.028566 0.114559 0.000000 0.000000 4.318164
3.290000 4.362224 4.352462 0.014440 0.019332 0.024319 0.113580 0.000000 0.000000 4.318164
3.300000 3.000000 4.336302 0.010754 0.006858 0.020672 0.112608 0.000000 0.000000 4.318164
3.310000 3.000000 4.321658 0.007117 -0.004150 0.017549 0.111641 0.000000 0.000000 4.318164
3.320000 4.308776 4.311040 0.003532 -0.011183 0.014879 0.110681 0.000000 0.000000 4.318164
3.330000 4.308776 4.306957 0.000000 -0.011734 0.012600 0.109726 0.000000 0.000000 4.318164
3.340000 3.000000 4.306957 -0.003480 -0.008253 0.010658 0.108778 0.000000 0.000000 4.318164
3.350000 3.000000 4.306957 -0.006907 -0.004827 0.009007 0.107835 0.000000 0.000000 4.318164
3.360000 3.000000 4.306957 -0.010277 -0.001457 0.007604 0.106899 0.000000 0.000000 4.318164
3.370000 3.000000 4.306957 -0.013592 0.001859 0.006413 0.105968 0.000000 0.000000 4.318164
3.380000 3.000000 4.306957 -0.016853 0.005120 0.005405 0.105044 0.000000 0.000000 4.318164
3.390000 3.000000 4.306957 -0.020061 0.008328 0.004551 0.104126 0.000000 0.000000 4.318164
3.400000 3.000000 4.306957 -0.023217 0.011483 0.003829 0.103214 0.000000 0.000000 4.318164
3.410000 3.000000 4.306957 -0.026323 0.014590 0.003219 0.102308 0.000000 0.000000 4.318164
3.420000 3.000000 4.306957 -0.029379 0.017645 0.002705 0.101408 0.000000 0.000000 4.318164
3.430000 3.000000 4.306957 -0.032384 0.020650 0.002271 0.100514 0.000000 0.000000 4.318164
3.440000 3.000000 4.306957 -0.035334 0.023601 0.001906 0.099626 0.000000 0.000000 4.318164
3.450000 3.000000 4.306957 -0.038229 0.026496 0.001598 0.098744 0.000000 0.000000 4.318164
3.460000 3.000000 4.306957 -0.041068 0.029335 0.001340 0.097868 0.000000 0.000000 4.318164
3.470000 3.000000 4.306957 -0.043851 0.032117 0.001122 0.096998 0.000000 0.000000 4.318164
3.480000 3.000000 4.306957 -0.046577 0.034844 0.000940 0.096134 0.000000 0.000000 4.318164
3.490000 3.000000 4.306957 -0.049248 0.037514 0.000786 0.095276 0.000000 0.000000 4.318164
3.500000 3.000000 4.306957 -0.051866 0.040132 0.000658 0.094425 0.000000 0.000000 4.318164
3.510000 3.000000 4.306957 -0.054431 0.042698 0.000550 0.093579 0.000000 0.000000 4.318164
3.520000 3.000000 4.306957 -0.056949 0.045215 0.000460 0.092739 0.000000 0.000000 4.318164
3.530000 3.000000 4.306957 -0.059420 0.047686 0.000384 0.091905 0.000000 0.000000 4.318164
3.540000 3.000000 4.306957 -0.061849 0.050115 0.000321 0.091077 0.000000 0.000000 4.318164
3.550000 3.000000 4.306957 -0.064239 0.052505 0.000268 0.090255 0.000000 0.000000 4.318164
3.560000 3.000000 4.306957 -0.066597 0.054864 0.000223 0.089439 0.000000 0.000000 4.318164
3.570000 3.000000 4.306957 -0.068933 0.057199 0.000000 0.088629 0.000000 0.000000 4.318164
3.580000 3.000000 4.306957 -0.071252 0.059519 0.000000 0.087824 0.000000 0.000000 4.318164
3.590000 3.000000 4.306957 -0.073563 0.061829 0.000000 0.087026 0.000000 0.000000 4.318164
3.600000 3.000000 4.306957 -0.075868 0.064134 0.000000 0.086234 0.000000 0.000000 4.318164
3.610000 3.000000 4.306957 -0.078173 0.066439 0.000000 0.085447 0.000000 0.000000 4.318164
3.620000 3.000000 4.306957 -0.080479 0.068745 0.000000 0.084666 0.000000 0.000000 4.318164
3.630000 3.000000 4.306957 -0.082788 0.071054 0.000000 0.083891 0.000000 0.000000 4.318164
3.640000 3.000000 4.306957 -0.085099 0.073365 0.000000 0.083122 0.000000 0.000000 4.318164
3.650000 3.000000 4.306957 -0.087409 0.075675 0.000000 0.082358 0.000000 0.000000 4.318164
3.660000 3.000000 4.306957 -0.089715 0.077981 0.000000 0.081601 0.000000 0.000000 4.318164
3.670000 3.000000 4.306957 -0.092013 0.080280 0.000000 0.000000 0.000000 0.000000 4.318164
