0.000000 3.000000 5.460176 0.193890 0.062948 0.000000 0.107789 0.239100 0.187500 5.203189
0.010000 3.000000 5.460176 0.193063 0.063775 0.004190 0.108401 0.239100 0.000000 5.203189
0.020000 3.000000 5.460176 0.192197 0.064640 0.014717 0.108965 0.239100 0.000000 5.203189
0.030000 3.000000 5.460176 0.191293 0.065545 0.029147 0.109482 0.239100 0.000000 5.203189
0.040000 3.000000 5.460176 0.190348 0.066490 0.045718 0.109955 0.239100 0.000000 5.203189
0.050000 5.460836 5.460176 0.189362 0.067476 0.063180 0.110383 0.239100 0.000000 5.203189
0.060000 5.460836 5.461392 0.188335 0.069719 0.080666 0.110768 0.239100 0.000000 5.203189
0.070000 5.460836 5.461329 0.187265 0.070726 0.097593 0.111112 0.239100 0.000000 5.203189
0.080000 5.460836 5.460903 0.186142 0.071421 0.113589 0.111416 0.239100 0.000000 5.203189
0.090000 5.460836 5.461028 0.184963 0.072726 0.128436 0.111681 0.239100 0.000000 5.203189
0.100000 5.460836 5.462620 0.183722 0.075559 0.142024 0.111909 0.239100 0.000000 5.203189
0.110000 3.000000 5.466595 0.182421 0.080835 0.154322 0.112099 0.239100 0.000000 5.203189
0.120000 3.000000 5.473868 0.181060 0.089469 0.165352 0.112255 0.239100 0.000000 5.203189
0.130000 5.475651 5.483282 0.179645 0.100298 0.175168 0.112375 0.239100 0.000000 5.203189
0.140000 5.505957 5.492468 0.178176 0.110953 0.183849 0.112463 0.239100 0.000000 5.203189
0.150000 5.505957 5.500524 0.176647 0.120539 0.191484 0.112518 0.239100 0.000000 5.203189
0.160000 5.505957 5.506546 0.175053 0.128154 0.198161 0.112542 0.000000 0.000000 5.203189
0.170000 5.505957 5.509630 0.173390 0.132901 0.199563 0.112536 0.067800 0.000000 5.203189
0.180000 5.505957 5.508875 0.171652 0.133884 0.195132 0.112501 0.067800 0.000000 5.203189
0.190000 5.505957 5.503377 0.169834 0.130204 0.187979 0.112437 0.067800 0.000000 5.203189
0.200000 5.490689 5.493701 0.167930 0.122432 0.179235 0.112345 0.067800 0.000000 5.203189
0.210000 5.475651 5.481908 0.165934 0.112635 0.169712 0.112228 0.067800 0.000000 5.203189
0.220000 5.460836 5.469344 0.163900 0.102105 0.159980 0.112084 0.067800 0.000000 5.203189
0.230000 5.446238 5.457355 0.161829 0.092186 0.150427 0.111916 0.067800 0.000000 5.203189
0.240000 5.446238 5.447283 0.159721 0.084223 0.141309 0.111724 0.067800 0.000000 5.203189
0.250000 5.446238 5.440476 0.157578 0.079560 0.132781 0.111509 0.067800 0.000000 5.203189
0.260000 5.446238 5.438278 0.155399 0.079540 0.124930 0.111272 0.067800 0.000000 5.203189
0.270000 5.446238 5.438725 0.153183 0.082203 0.117790 0.111013 0.067800 0.000000 5.203189
0.280000 5.446238 5.438724 0.150933 0.084452 0.111361 0.110733 0.067800 0.000000 5.203189
0.290000 5.446238 5.437925 0.148648 0.085937 0.105620 0.110433 0.067800 0.000000 5.203189
0.300000 5.446238 5.435979 0.146331 0.086310 0.100530 0.110114 0.067800 0.000000 5.203189
0.310000 5.431849 5.432538 0.143981 0.085218 0.096042 0.109777 0.067800 0.000000 5.203189
0.320000 5.417664 5.427252 0.141598 0.082316 0.092105 0.109421 0.067800 0.000000 5.203189
0.330000 5.417664 5.419772 0.139184 0.077249 0.088668 0.109048 0.067800 0.000000 5.203189
0.340000 5.403678 5.411745 0.136739 0.071667 0.085678 0.108659 0.067800 0.000000 5.203189
0.350000 5.403678 5.404963 0.134265 0.067359 0.083087 0.108254 0.067800 0.000000 5.203189
0.360000 3.000000 5.399302 0.131761 0.064201 0.080847 0.107833 0.067800 0.000000 5.203189
0.370000 3.000000 5.394632 0.129229 0.062065 0.078346 0.107398 0.067800 0.000000 5.203189
0.380000 3.000000 5.390828 0.126670 0.060819 0.075765 0.106948 0.067800 0.000000 5.203189
0.390000 3.000000 5.387762 0.124084 0.060339 0.073551 0.106485 0.067800 0.000000 5.203189
0.400000 3.000000 5.385307 0.121473 0.060495 0.071654 0.106009 0.067800 0.000000 5.203189
0.410000 3.000000 5.382691 0.118837 0.060515 0.070034 0.105520 0.067800 0.000000 5.203189
0.420000 3.000000 5.379369 0.116179 0.059851 0.068651 0.105020 0.067800 0.000000 5.203189
0.430000 5.376279 5.375554 0.113497 0.058718 0.067474 0.104508 0.067800 0.000000 5.203189
0.440000 5.376279 5.371461 0.110794 0.057329 0.066473 0.103985 0.067800 0.000000 5.203189
0.450000 5.362856 5.367304 0.108070 0.055895 0.065622 0.103451 0.067800 0.000000 5.203189
0.460000 5.362856 5.363296 0.105327 0.054629 0.064901 0.102908 0.067800 0.000000 5.203189
0.470000 3.000000 5.359651 0.102566 0.053746 0.064290 0.102355 0.067800 0.000000 5.203189
0.480000 3.000000 5.356651 0.099787 0.053525 0.063773 0.101793 0.067800 0.000000 5.203189
0.490000 3.000000 5.354364 0.096993 0.054032 0.063336 0.101223 0.067800 0.000000 5.203189
0.500000 3.000000 5.352683 0.094183 0.055161 0.062967 0.100644 0.067800 0.000000 5.203189
0.510000 3.000000 5.351502 0.091361 0.056803 0.062656 0.100057 0.067800 0.000000 5.203189
0.520000 3.000000 5.350714 0.088524 0.058851 0.062393 0.099463 0.067800 0.000000 5.203189
0.530000 3.000000 5.350214 0.085677 0.061198 0.062172 0.098863 0.067800 0.000000 5.203189
0.540000 3.000000 5.349895 0.082819 0.063736 0.061986 0.098255 0.067800 0.000000 5.203189
0.550000 3.000000 5.349898 0.079953 0.066606 0.061830 0.097641 0.000000 0.000000 5.203189
0.560000 3.000000 5.350226 0.077079 0.069808 0.061698 0.097022 0.000000 0.000000 5.203189
0.570000 5.349611 5.350564 0.074198 0.073027 0.059898 0.096397 0.000000 0.000000 5.203189
0.580000 5.349611 5.350596 0.071312 0.075945 0.055140 0.095766 0.000000 0.000000 5.203189
0.590000 5.349611 5.350007 0.068421 0.078247 0.050139 0.095131 0.000000 0.000000 5.203189
0.600000 5.349611 5.348481 0.065528 0.079614 0.045139 0.094492 0.000000 0.000000 5.203189
0.610000 5.349611 5.345703 0.062634 0.079731 0.040304 0.093848 0.000000 0.000000 5.203189
0.620000 5.336539 5.341624 0.059739 0.078546 0.035739 0.093200 0.000000 0.000000 5.203189
0.630000 5.336539 5.336590 0.056844 0.076407 0.031504 0.092549 0.000000 0.000000 5.203189
0.640000 5.323635 5.330877 0.053952 0.073587 0.027630 0.091894 0.000000 0.000000 5.203189
0.650000 5.323635 5.324763 0.051063 0.070361 0.023991 0.091236 0.000000 0.000000 5.203189
0.660000 5.323635 5.318522 0.048178 0.067005 0.020872 0.090576 0.000000 0.000000 5.203189
0.670000 5.310896 5.312434 0.045300 0.063795 0.018095 0.089913 0.000000 0.000000 5.203189
0.680000 5.310896 5.306772 0.042428 0.061006 0.015639 0.089247 0.000000 0.000000 5.203189
0.690000 5.298317 5.300158 0.039561 0.057258 0.013479 0.088580 0.000000 0.000000 5.203189
0.700000 5.298317 5.291509 0.036704 0.051466 0.011588 0.087911 0.000000 0.000000 5.203189
0.710000 5.285895 5.281555 0.033858 0.044358 0.009940 0.087240 0.000000 0.000000 5.203189
0.720000 5.273625 5.271024 0.031024 0.036661 0.008508 0.086568 0.000000 0.000000 5.203189
0.730000 5.261503 5.260644 0.028198 0.029107 0.007269 0.085895 0.000000 0.000000 5.203189
0.740000 5.249527 5.251144 0.025374 0.022432 0.006200 0.085221 0.000000 0.000000 5.203189
0.750000 5.237693 5.243252 0.022540 0.017373 0.005279 0.084547 0.000000 0.000000 5.203189
0.760000 5.237693 5.235767 0.019692 0.012736 0.004488 0.083871 0.000000 0.000000 5.203189
0.770000 5.237693 5.227024 0.016835 0.006850 0.003811 0.083196 0.000000 0.000000 5.203189
0.780000 5.214436 5.217052 0.013973 -0.000260 0.003232 0.082521 0.000000 0.000000 5.203189
0.790000 5.203007 5.205881 0.011115 -0.008573 0.002737 0.081845 0.000000 0.000000 5.203189
0.800000 5.191708 5.193542 0.008273 -0.018070 0.002316 0.081170 0.000000 0.000000 5.203189
0.810000 5.180534 5.180065 0.005463 -0.028737 0.001957 0.080495 0.000000 0.000000 5.203189
0.820000 5.169485 5.165479 0.002701 -0.040561 0.001653 0.079821 0.000000 0.000000 5.203189
0.830000 5.147745 5.149814 0.000000 -0.053525 0.001394 0.079148 0.000000 0.000000 5.203189
0.840000 3.000000 5.149814 -0.002632 -0.050894 0.001175 0.078475 0.000000 0.000000 5.203189
0.850000 3.000000 5.149814 -0.005192 -0.048334 0.000989 0.077803 0.000000 0.000000 5.203189
0.860000 3.000000 5.149814 -0.007684 -0.045841 0.000833 0.000000 0.000000 0.000000 5.203189
